1
1.34139936222097
1.68279872444194
2.02419354838710
2.36552888222056
2.70686421605401
3.09635091227193
3.77868032991752
4.30755763058068
4.76276626787278
5.32689422355589
6.00955414012739
6.69145747470963
7.37385105983868
8.11337754974346
9.23959765088092
9.92246657503436
10.6048240954821
11.2873757268805
11.9701744513225
12.6527690961370
13.3349775224775
14.0168198586882
14.6996185831301
15.3824651366394
16.0652635523357
16.7472520609543
17.4298042648990
18.1126461211477
18.7952741138964
19.4773947795679
20.1594873397937
20.8422006877149
22.0252389579559
22.7074404947835
23.3897881382414
24.1443736730361
25.2545670670671
25.9377502502502
27.2402346187445
28.3019245188703
28.9842539365159
30.3354177088544
31.70075
32.5324091420007
33.4294294294294
34.7955966975231
36.0802623360400
36.7629606495940
37.8898463844136
39.1265109287906
39.8104214943321
40.9869951231712
41.6752825123306
42.2383909962484
42.6935806586078
43.2231461798174
43.9059022133300
44.5878129487420
45.2700268901257
45.9529110124445
46.6357951347633
47.3181818181818
