1529411948.71307
1529411948.72399
1529411948.73491
1529411948.74583
1529411948.75675
1529411948.76767
1529411948.77859
1529411948.78951
1529411948.80043
1529411948.81135
1529411948.82227
1529411948.83319
1529411948.84411
1529411948.85503
1529411948.86595
1529411948.87687
1529411948.88780
1529411948.89872
1529411948.90964
1529411948.92056
1529411948.93148
1529411948.94240
1529411948.95332
1529411948.96424
1529411948.97516
1529411948.98608
1529411948.99700
1529411949.00792
1529411949.01884
1529411949.02976
1529411949.04068
1529411949.05160
1529411949.06252
1529411949.07344
1529411949.08436
1529411949.09528
1529411949.10620
1529411949.11712
1529411949.12804
1529411949.13896
1529411949.14988
1529411949.16080
1529411949.17172
1529411949.18264
1529411949.19356
1529411949.20448
1529411949.21540
1529411949.22632
1529411949.23725
1529411949.24817
1529411949.25909
1529411949.27001
1529411949.28093
1529411949.29185
1529411949.30277
1529411949.31369
1529411949.32461
1529411949.33553
1529411949.34645
1529411949.35737
1529411949.36829
1529411949.37921
1529411949.39013
